#total Xsec.: 2717.0(mb)
#total elastic Xsec.: 1543.1(mb)
#total reaction Xsec.: 1173.9(mb)

#th(deg)  diff. Xsec.(mb/sr)  analyzing power     Rutherford ratio
   0.0    0.30556751E+56      0.00000000E+00      0.10000000E+01
   1.0    0.52898633E+08     -0.10936353E-02      0.10039329E+01
   2.0    0.29606997E+07     -0.58581682E-02      0.89889396E+00
   3.0    0.46983457E+06     -0.37900452E-02      0.72196119E+00
   4.0    0.11620643E+06      0.32803576E-01      0.56415656E+00
   5.0    0.41480020E+05      0.13200772E+00      0.49141683E+00
   6.0    0.21770426E+05      0.25214586E+00      0.53451561E+00
   7.0    0.15185433E+05      0.31712922E+00      0.69027335E+00
   8.0    0.11968455E+05      0.32584931E+00      0.92740407E+00
   9.0    0.96412112E+04      0.30697778E+00      0.11956322E+01
  10.0    0.76099125E+04      0.27639252E+00      0.14369992E+01
  11.0    0.57856376E+04      0.23885999E+00      0.15978483E+01
  12.0    0.41968296E+04      0.19393180E+00      0.16396548E+01
  13.0    0.28782690E+04      0.13818501E+00      0.15468893E+01
  14.0    0.18431007E+04      0.64954446E-01      0.13305150E+01
  15.0    0.10805742E+04     -0.38242136E-01      0.10264507E+01
  16.0    0.56137887E+03     -0.19658604E+00      0.68923940E+00
  17.0    0.24458498E+03     -0.46311362E+00      0.38205945E+00
  18.0    0.84150601E+02     -0.88586115E+00      0.16492246E+00
  19.0    0.34289056E+02     -0.45309766E+00      0.83269367E-01
  20.0    0.53477561E+02      0.87335475E+00      0.15912753E+00
  21.0    0.10709177E+03      0.93376199E+00      0.38652811E+00
  22.0    0.16876224E+03      0.81213000E+00      0.73208835E+00
  23.0    0.22062415E+03      0.70268590E+00      0.11406886E+01
  24.0    0.25268399E+03      0.61216217E+00      0.15452053E+01
  25.0    0.26155838E+03      0.53285161E+00      0.18784882E+01
  26.0    0.24884710E+03      0.45782594E+00      0.20853432E+01
  27.0    0.21938770E+03      0.38121862E+00      0.21322892E+01
  28.0    0.17960269E+03      0.29708275E+00      0.20132902E+01
  29.0    0.13609968E+03      0.19791913E+00      0.17504451E+01
  30.0    0.94625208E+02      0.72443274E-01      0.13895833E+01
  31.0    0.59412964E+02     -0.98271966E-01      0.99167493E+00
  32.0    0.32912469E+02     -0.34558521E+00      0.62173539E+00
  33.0    0.15841500E+02     -0.69156057E+00      0.33733106E+00
  34.0    0.74773654E+01     -0.85259628E+00      0.17880629E+00
  35.0    0.60900207E+01      0.62007784E-01      0.16295917E+00
  36.0    0.94225729E+01      0.79151555E+00      0.28118476E+00
  37.0    0.15139240E+02      0.88596403E+00      0.50223002E+00
  38.0    0.21183057E+02      0.81745835E+00      0.77884157E+00
  39.0    0.26011213E+02      0.72269553E+00      0.10569013E+01
  40.0    0.28700641E+02      0.62645551E+00      0.12852605E+01
  41.0    0.28937078E+02      0.53034273E+00      0.14244548E+01
  42.0    0.26915157E+02      0.43070662E+00      0.14528019E+01
  43.0    0.23184334E+02      0.32187265E+00      0.13689550E+01
  44.0    0.18476031E+02      0.19593805E+00      0.11907022E+01
  45.0    0.13542496E+02      0.41149261E-01      0.95049573E+00
  46.0    0.90294462E+01     -0.16086503E+00      0.68875693E+00
  47.0    0.53945831E+01     -0.43639478E+00      0.44632317E+00
  48.0    0.28743533E+01     -0.79218911E+00      0.25744601E+00
  49.0    0.14933556E+01     -0.98957060E+00      0.14453196E+00
  50.0    0.11053896E+01     -0.24809277E+00      0.11539879E+00
  51.0    0.14526286E+01      0.70044326E+00      0.16329948E+00
  52.0    0.22295380E+01      0.95678908E+00      0.26944836E+00
  53.0    0.31403695E+01      0.92112535E+00      0.40736463E+00
  54.0    0.39425428E+01      0.81470363E+00      0.54809557E+00
  55.0    0.44721614E+01      0.69276705E+00      0.66532324E+00
  56.0    0.46515680E+01      0.56543358E+00      0.73948498E+00
  57.0    0.44817104E+01      0.43114628E+00      0.76030566E+00
  58.0    0.40238841E+01      0.28464633E+00      0.72748358E+00
  59.0    0.33760822E+01      0.11877842E+00      0.64962260E+00
  60.0    0.26488781E+01     -0.74807598E-01      0.54179477E+00
  61.0    0.19447391E+01     -0.30309689E+00      0.42230834E+00
  62.0    0.13432607E+01     -0.56061748E+00      0.30932176E+00
  63.0    0.89331953E+00     -0.79208752E+00      0.21789138E+00
  64.0    0.61182970E+00     -0.81787237E+00      0.15789276E+00
  65.0    0.48782016E+00     -0.40026603E+00      0.13305116E+00
  66.0    0.49000214E+00      0.28632837E+00      0.14109962E+00
  67.0    0.57586119E+00      0.77435257E+00      0.17489147E+00
  68.0    0.70051252E+00      0.96542051E+00      0.22415856E+00
  69.0    0.82399274E+00      0.97736942E+00      0.27754175E+00
  70.0    0.91620441E+00      0.90243603E+00      0.32452668E+00
  71.0    0.95927133E+00      0.78363765E+00      0.35698538E+00
  72.0    0.94751837E+00      0.63719774E+00      0.37013078E+00
  73.0    0.88560741E+00      0.46705810E+00      0.36281435E+00
  74.0    0.78552423E+00      0.27163622E+00      0.33721315E+00
  75.0    0.66312964E+00      0.47477818E-01      0.29804358E+00
  76.0    0.53489308E+00     -0.20680061E+00      0.25149405E+00
  77.0    0.41525919E+00     -0.48266399E+00      0.20408465E+00
  78.0    0.31490018E+00     -0.74529432E+00      0.16164153E+00
  79.0    0.23991614E+00     -0.90991883E+00      0.12852700E+00
  80.0    0.19188945E+00     -0.84586381E+00      0.10720472E+00
  81.0    0.16859331E+00     -0.48278896E+00      0.98154638E-01
  82.0    0.16510260E+00      0.52866763E-01      0.10009639E+00
  83.0    0.17505347E+00      0.53459429E+00      0.11043884E+00
  84.0    0.19183360E+00      0.84274180E+00      0.12585228E+00
  85.0    0.20954558E+00      0.98065955E+00      0.14285805E+00
  86.0    0.22365480E+00      0.99227387E+00      0.15834500E+00
  87.0    0.23129985E+00      0.91610316E+00      0.16994836E+00
  88.0    0.23129731E+00      0.77658011E+00      0.17625786E+00
  89.0    0.22390976E+00      0.58761319E+00      0.17685325E+00
  90.0    0.21046407E+00      0.35775130E+00      0.17219114E+00
  91.0    0.19290850E+00      0.94891035E-01      0.16338508E+00
  92.0    0.17338550E+00     -0.18925955E+00      0.15192945E+00
  93.0    0.15387708E+00     -0.47492202E+00      0.13941695E+00
  94.0    0.13595624E+00     -0.73143726E+00      0.12729221E+00
  95.0    0.12065523E+00     -0.91884696E+00      0.11667089E+00
  96.0    0.10844222E+00     -0.99699349E+00      0.10823932E+00
  97.0    0.99284713E-01     -0.94103786E+00      0.10223504E+00
  98.0    0.92770471E-01     -0.75476159E+00      0.98496781E-01
  99.0    0.88255558E-01     -0.47105997E+00      0.96564378E-01
 100.0    0.85011953E-01     -0.13865545E+00      0.95805112E-01
 101.0    0.82353665E-01      0.19474046E+00      0.95543243E-01
 102.0    0.79728054E-01      0.49268241E+00      0.95173132E-01
 103.0    0.76766974E-01      0.73169113E+00      0.94242050E-01
 104.0    0.73299254E-01      0.89812163E+00      0.92495574E-01
 105.0    0.69331113E-01      0.98426157E+00      0.89885080E-01
 106.0    0.65004197E-01      0.98585505E+00      0.86542351E-01
 107.0    0.60541931E-01      0.90171344E+00      0.82730182E-01
 108.0    0.56194264E-01      0.73525245E+00      0.78779893E-01
 109.0    0.52189010E-01      0.49716754E+00      0.75026729E-01
 110.0    0.48695405E-01      0.20769898E+00      0.71752804E-01
 111.0    0.45802744E-01     -0.10359641E+00      0.69144745E-01
 112.0    0.43514384E-01     -0.40200929E+00      0.67270168E-01
 113.0    0.41755289E-01     -0.65498070E+00      0.66074012E-01
 114.0    0.40389885E-01     -0.83931273E+00      0.65392967E-01
 115.0    0.39246186E-01     -0.94480902E+00      0.64984090E-01
 116.0    0.38142100E-01     -0.97324239E+00      0.64562354E-01
 117.0    0.36910175E-01     -0.93427201E+00      0.63841351E-01
 118.0    0.35417868E-01     -0.84083891E+00      0.62571651E-01
 119.0    0.33581420E-01     -0.70573140E+00      0.60572211E-01
 120.0    0.31372448E-01     -0.53977215E+00      0.57751565E-01
 121.0    0.28817391E-01     -0.35133911E+00      0.54117109E-01
 122.0    0.25990710E-01     -0.14677508E+00      0.49772333E-01
 123.0    0.23003365E-01      0.68597914E-01      0.44903296E-01
 124.0    0.19988375E-01      0.28889147E+00      0.39756672E-01
 125.0    0.17085344E-01      0.50531344E+00      0.34612443E-01
 126.0    0.14425708E-01      0.70290688E+00      0.29754558E-01
 127.0    0.12120126E-01      0.85685771E+00      0.25442787E-01
 128.0    0.10249049E-01      0.93101477E+00      0.21888558E-01
 129.0    0.88570560E-02      0.88485705E+00      0.19236905E-01
 130.0    0.79510804E-02      0.69491556E+00      0.17555848E-01
 131.0    0.75022928E-02      0.38176894E+00      0.16833657E-01
 132.0    0.74510643E-02      0.12700922E-01      0.16983679E-01
 133.0    0.77142336E-02     -0.33371974E+00      0.17855695E-01
 134.0    0.81937755E-02     -0.60733587E+00      0.19252238E-01
 135.0    0.87859509E-02     -0.79580684E+00      0.20948020E-01
 136.0    0.93900780E-02     -0.91044555E+00      0.22710436E-01
 137.0    0.99161979E-02     -0.97015524E+00      0.24319218E-01
 138.0    0.10291084E-01     -0.99261987E+00      0.25583555E-01
 139.0    0.10462251E-01     -0.99150691E+00      0.26355330E-01
 140.0    0.10399833E-01     -0.97649860E+00      0.26537649E-01
 141.0    0.10096395E-01     -0.95416935E+00      0.26088275E-01
 142.0    0.95649306E-02     -0.92889053E+00      0.25018133E-01
 143.0    0.88354131E-02     -0.90352934E+00      0.23385465E-01
 144.0    0.79503788E-02     -0.87992509E+00      0.21286583E-01
 145.0    0.69600372E-02     -0.85918176E+00      0.18844403E-01
 146.0    0.59174020E-02     -0.84181235E+00      0.16196052E-01
 147.0    0.48738694E-02     -0.82774589E+00      0.13480766E-01
 148.0    0.38755809E-02     -0.81616605E+00      0.10829195E-01
 149.0    0.29607856E-02     -0.80506782E+00      0.83549113E-02
 150.0    0.21582926E-02     -0.79022402E+00      0.61486284E-02
 151.0    0.14869819E-02     -0.76273557E+00      0.42752830E-02
 152.0    0.95623688E-03     -0.70289867E+00      0.27737977E-02
 153.0    0.56708402E-03     -0.56469633E+00      0.16590761E-02
 154.0    0.31378278E-03     -0.24811008E+00      0.92558786E-03
 155.0    0.18559812E-03      0.30799076E+00      0.55181366E-03
 156.0    0.16851449E-03      0.52875291E+00      0.50483290E-03
 157.0    0.24670165E-03      0.10174581E+00      0.74445030E-03
 158.0    0.40361398E-03     -0.30771238E+00      0.12264372E-02
 159.0    0.62268261E-03     -0.55284519E+00      0.19046889E-02
 160.0    0.88763425E-03     -0.69473217E+00      0.27323272E-02
 161.0    0.11825301E-02     -0.77785969E+00      0.36619786E-02
 162.0    0.14916574E-02     -0.82462611E+00      0.46455980E-02
 163.0    0.17994184E-02     -0.84644624E+00      0.56342746E-02
 164.0    0.20903487E-02     -0.84970040E+00      0.65784361E-02
 165.0    0.23493617E-02     -0.83841311E+00      0.74287711E-02
 166.0    0.25622630E-02     -0.81544644E+00      0.81380315E-02
 167.0    0.27165180E-02     -0.78303423E+00      0.86636826E-02
 168.0    0.28021992E-02     -0.74301983E+00      0.89711726E-02
 169.0    0.28129884E-02     -0.69696097E+00      0.90374243E-02
 170.0    0.27470829E-02     -0.64617705E+00      0.88540401E-02
 171.0    0.26078453E-02     -0.59177308E+00      0.84296829E-02
 172.0    0.24040600E-02     -0.53465305E+00      0.77911448E-02
 173.0    0.21496970E-02     -0.47552375E+00      0.69827559E-02
 174.0    0.18631469E-02     -0.41487982E+00      0.60639770E-02
 175.0    0.15659541E-02     -0.35294897E+00      0.51052574E-02
 176.0    0.12811459E-02     -0.28956233E+00      0.41824700E-02
 177.0    0.10313103E-02     -0.22392990E+00      0.33704415E-02
 178.0    0.83661558E-03     -0.15448787E+00      0.27362399E-02
 179.0    0.71298087E-03     -0.79594588E-01      0.23329453E-02
 180.0    0.67059975E-03      0.00000000E+00      0.21946042E-02
