#total Xsec.: 2621.6(mb)
#total elastic Xsec.: 1504.3(mb)
#total reaction Xsec.: 1117.4(mb)

#th(deg)  diff. Xsec.(mb/sr)  analyzing power     Rutherford ratio
   0.0    0.30590400E+56      0.00000000E+00      0.10000000E+01
   1.0    0.53012031E+08     -0.10242361E-02      0.10049784E+01
   2.0    0.29846302E+07     -0.55743222E-02      0.90516269E+00
   3.0    0.47669810E+06     -0.41284418E-02      0.73170215E+00
   4.0    0.11781707E+06      0.28671368E-01      0.57134669E+00
   5.0    0.41323799E+05      0.12162990E+00      0.48902756E+00
   6.0    0.21093973E+05      0.24223735E+00      0.51733741E+00
   7.0    0.14470081E+05      0.31322873E+00      0.65703260E+00
   8.0    0.11393653E+05      0.32587134E+00      0.88189306E+00
   9.0    0.92561338E+04      0.30859681E+00      0.11466151E+01
  10.0    0.74052952E+04      0.27898456E+00      0.13968226E+01
  11.0    0.57270755E+04      0.24285499E+00      0.15799351E+01
  12.0    0.42416112E+04      0.20045118E+00      0.16553277E+01
  13.0    0.29844368E+04      0.14916199E+00      0.16021835E+01
  14.0    0.19743971E+04      0.83766673E-01      0.14237287E+01
  15.0    0.12089228E+04     -0.51692233E-02      0.11471074E+01
  16.0    0.66771834E+03     -0.13578782E+00      0.81889717E+00
  17.0    0.31853666E+03     -0.34559792E+00      0.49703002E+00
  18.0    0.12286762E+03     -0.70029474E+00      0.24053709E+00
  19.0    0.40785531E+02     -0.92854804E+00      0.98936804E-01
  20.0    0.34710169E+02      0.53019094E+00      0.10316978E+00
  21.0    0.72038077E+02      0.98121601E+00      0.25972223E+00
  22.0    0.12670037E+03      0.87607986E+00      0.54901992E+00
  23.0    0.17976521E+03      0.75252094E+00      0.92841412E+00
  24.0    0.21924684E+03      0.65136945E+00      0.13392567E+01
  25.0    0.23931154E+03      0.56616685E+00      0.17168229E+01
  26.0    0.23908396E+03      0.48903520E+00      0.20013241E+01
  27.0    0.22125339E+03      0.41371539E+00      0.21480570E+01
  28.0    0.19066055E+03      0.33467704E+00      0.21348944E+01
  29.0    0.15301311E+03      0.24591711E+00      0.19658123E+01
  30.0    0.11383695E+03      0.13947842E+00      0.16698714E+01
  31.0    0.77724895E+02      0.31836957E-02      0.12958964E+01
  32.0    0.47900093E+02     -0.18285578E+00      0.90386486E+00
  33.0    0.26072843E+02     -0.44690373E+00      0.55458799E+00
  34.0    0.12539855E+02     -0.77185468E+00      0.29953580E+00
  35.0    0.64567293E+01     -0.69609287E+00      0.17258166E+00
  36.0    0.62077149E+01      0.34767127E+00      0.18504445E+00
  37.0    0.98006619E+01      0.88944042E+00      0.32477010E+00
  38.0    0.15227257E+02      0.91876110E+00      0.55924769E+00
  39.0    0.20746108E+02      0.83165304E+00      0.84203958E+00
  40.0    0.25065802E+02      0.72850927E+00      0.11212519E+01
  41.0    0.27423755E+02      0.62645989E+00      0.13484752E+01
  42.0    0.27572125E+02      0.52526896E+00      0.14866261E+01
  43.0    0.25692830E+02      0.42072626E+00      0.15154043E+01
  44.0    0.22269155E+02      0.30699415E+00      0.14335745E+01
  45.0    0.17941910E+02      0.17630211E+00      0.12578886E+01
  46.0    0.13374408E+02      0.17588536E-01      0.10190640E+01
  47.0    0.91441792E+01     -0.18542561E+00      0.75571545E+00
  48.0    0.56715949E+01     -0.45369382E+00      0.50742662E+00
  49.0    0.31880217E+01     -0.78702808E+00      0.30820803E+00
  50.0    0.17396861E+01     -0.99663044E+00      0.18141734E+00
  51.0    0.12189403E+01     -0.44274751E+00      0.13687833E+00
  52.0    0.14122822E+01      0.54907248E+00      0.17049207E+00
  53.0    0.20542411E+01      0.95132730E+00      0.26618036E+00
  54.0    0.28776854E+01      0.97699636E+00      0.39961817E+00
  55.0    0.36536764E+01      0.88911511E+00      0.54295936E+00
  56.0    0.42170547E+01      0.77120338E+00      0.66967062E+00
  57.0    0.44769360E+01      0.64346406E+00      0.75866027E+00
  58.0    0.44137651E+01      0.50789217E+00      0.79709297E+00
  59.0    0.40662669E+01      0.36064488E+00      0.78156665E+00
  60.0    0.35124507E+01      0.19525561E+00      0.71763745E+00
  61.0    0.28488266E+01      0.35678818E-02      0.61795431E+00
  62.0    0.21713660E+01     -0.22273186E+00      0.49946520E+00
  63.0    0.15607027E+01     -0.48566077E+00      0.38025544E+00
  64.0    0.10728890E+01     -0.75814979E+00      0.27657217E+00
  65.0    0.73589075E+00     -0.92686421E+00      0.20049073E+00
  66.0    0.55109869E+00     -0.75772601E+00      0.15851825E+00
  67.0    0.49853562E+00     -0.16778892E+00      0.15124082E+00
  68.0    0.54417077E+00      0.47196835E+00      0.17393888E+00
  69.0    0.64778600E+00      0.85001773E+00      0.21795082E+00
  70.0    0.77009748E+00      0.98703207E+00      0.27247443E+00
  71.0    0.87823315E+00      0.98596672E+00      0.32646815E+00
  72.0    0.94910945E+00      0.91301709E+00      0.37034449E+00
  73.0    0.97066310E+00      0.79909852E+00      0.39722242E+00
  74.0    0.94122094E+00      0.65604193E+00      0.40360685E+00
  75.0    0.86750256E+00      0.48623952E+00      0.38947010E+00
  76.0    0.76184225E+00      0.28740981E+00      0.35780616E+00
  77.0    0.63920150E+00      0.55592227E-01      0.31379853E+00
  78.0    0.51444778E+00     -0.21095970E+00      0.26378091E+00
  79.0    0.40023211E+00     -0.50356117E+00      0.21417505E+00
  80.0    0.30563778E+00     -0.78615847E+00      0.17056577E+00
  81.0    0.23562417E+00     -0.97200334E+00      0.13702896E+00
  82.0    0.19117047E+00     -0.93010856E+00      0.11577301E+00
  83.0    0.16994565E+00     -0.58944307E+00      0.10709845E+00
  84.0    0.16729511E+00     -0.65126619E-01      0.10963309E+00
  85.0    0.17733666E+00      0.42904817E+00      0.12076658E+00
  86.0    0.19398905E+00      0.76953741E+00      0.13719092E+00
  87.0    0.21180568E+00      0.94751164E+00      0.15545377E+00
  88.0    0.22654154E+00      0.99856895E+00      0.17244388E+00
  89.0    0.23543458E+00      0.95812326E+00      0.18575149E+00
  90.0    0.23722647E+00      0.85025323E+00      0.19387330E+00
  91.0    0.23197776E+00      0.68936417E+00      0.19625892E+00
  92.0    0.22074846E+00      0.48434739E+00      0.19321858E+00
  93.0    0.20521729E+00      0.24264808E+00      0.18572810E+00
  94.0    0.18730494E+00     -0.25907517E-01      0.17517573E+00
  95.0    0.16885143E+00     -0.30552389E+00      0.16309593E+00
  96.0    0.15137902E+00     -0.57187192E+00      0.15092958E+00
  97.0    0.13595359E+00     -0.79243306E+00      0.13983957E+00
  98.0    0.12314109E+00     -0.93190756E+00      0.13059823E+00
  99.0    0.11304361E+00     -0.96263408E+00      0.12355005E+00
 100.0    0.10539220E+00     -0.87546893E+00      0.11864220E+00
 101.0    0.99670991E-01     -0.68408979E+00      0.11550688E+00
 102.0    0.95248659E-01     -0.41959735E+00      0.11357535E+00
 103.0    0.91497364E-01     -0.11951261E+00      0.11220208E+00
 104.0    0.87885485E-01      0.18186510E+00      0.11077980E+00
 105.0    0.84036841E-01      0.45795611E+00      0.10883064E+00
 106.0    0.79755177E-01      0.68981369E+00      0.10606405E+00
 107.0    0.75017578E-01      0.86386057E+00      0.10239831E+00
 108.0    0.69943864E-01      0.96954306E+00      0.97947881E-01
 109.0    0.64750752E-01      0.99812954E+00      0.92983052E-01
 110.0    0.59699890E-01      0.94325939E+00      0.87871180E-01
 111.0    0.55047890E-01      0.80337597E+00      0.83009995E-01
 112.0    0.51004754E-01      0.58541931E+00      0.78763019E-01
 113.0    0.47704849E-01      0.30795205E+00      0.75405622E-01
 114.0    0.45192291E-01      0.99528624E-03      0.73087787E-01
 115.0    0.43420468E-01     -0.29920413E+00      0.71816811E-01
 116.0    0.42263739E-01     -0.55902688E+00      0.71460278E-01
 117.0    0.41538155E-01     -0.75550292E+00      0.71767066E-01
 118.0    0.41027451E-01     -0.87952579E+00      0.72402200E-01
 119.0    0.40510478E-01     -0.93381882E+00      0.72990069E-01
 120.0    0.39786628E-01     -0.92818015E+00      0.73160136E-01
 121.0    0.38696526E-01     -0.87482562E+00      0.72589520E-01
 122.0    0.37136201E-01     -0.78525769E+00      0.71037777E-01
 123.0    0.35063898E-01     -0.66875459E+00      0.68370547E-01
 124.0    0.32499640E-01     -0.53198509E+00      0.64570344E-01
 125.0    0.29518441E-01     -0.37923032E+00      0.59734324E-01
 126.0    0.26238586E-01     -0.21288873E+00      0.54060345E-01
 127.0    0.22806782E-01     -0.34163502E-01      0.47823746E-01
 128.0    0.19382021E-01      0.15595437E+00      0.41348015E-01
 129.0    0.16119930E-01      0.35505093E+00      0.34972848E-01
 130.0    0.13159059E-01      0.55635377E+00      0.29023016E-01
 131.0    0.10610206E-01      0.74372484E+00      0.23781010E-01
 132.0    0.85494063E-02      0.88493280E+00      0.19465764E-01
 133.0    0.70147920E-02      0.92856527E+00      0.16218877E-01
 134.0    0.60071049E-02      0.81928151E+00      0.14098873E-01
 135.0    0.54933425E-02      0.54181727E+00      0.13083168E-01
 136.0    0.54127837E-02      0.15769726E+00      0.13076724E-01
 137.0    0.56845246E-02     -0.22744302E+00      0.13925815E-01
 138.0    0.62156442E-02     -0.53668576E+00      0.15435047E-01
 139.0    0.69091900E-02     -0.74929965E+00      0.17385712E-01
 140.0    0.76713228E-02     -0.87950488E+00      0.19553674E-01
 141.0    0.84171427E-02     -0.95072051E+00      0.21725298E-01
 142.0    0.90749262E-02     -0.98323783E+00      0.23710363E-01
 143.0    0.95887062E-02     -0.99145789E+00      0.25351356E-01
 144.0    0.99192953E-02     -0.98471134E+00      0.26529005E-01
 145.0    0.10043987E-01     -0.96873615E+00      0.27164330E-01
 146.0    0.99552476E-02     -0.94690987E+00      0.27217747E-01
 147.0    0.96587423E-02     -0.92110750E+00      0.26685988E-01
 148.0    0.91710178E-02     -0.89226035E+00      0.25597581E-01
 149.0    0.85171136E-02     -0.86071098E+00      0.24007633E-01
 150.0    0.77282938E-02     -0.82643446E+00      0.21992448E-01
 151.0    0.68400081E-02     -0.78916971E+00      0.19644357E-01
 152.0    0.58901113E-02     -0.74848320E+00      0.17066907E-01
 153.0    0.49173086E-02     -0.70376997E+00      0.14370384E-01
 154.0    0.39597576E-02     -0.65417659E+00      0.11667537E-01
 155.0    0.30537495E-02     -0.59839591E+00      0.90693112E-02
 156.0    0.22324071E-02     -0.53420559E+00      0.66804516E-02
 157.0    0.15243767E-02     -0.45742951E+00      0.45949203E-02
 158.0    0.95253724E-03     -0.35956834E+00      0.28912332E-02
 159.0    0.53280190E-03     -0.22336011E+00      0.16279651E-02
 160.0    0.27312572E-03     -0.31167511E-01      0.83981434E-03
 161.0    0.17285543E-03      0.84114759E-01      0.53469810E-03
 162.0    0.22255628E-03     -0.87987842E-01      0.69236389E-03
 163.0    0.40442314E-03     -0.19520141E+00      0.12649224E-02
 164.0    0.69333242E-03     -0.19207643E+00      0.21795531E-02
 165.0    0.10585238E-02     -0.14788400E+00      0.33434109E-02
 166.0    0.14658248E-02     -0.89062239E-01      0.46505012E-02
 167.0    0.18802565E-02     -0.24340033E-01      0.59900309E-02
 168.0    0.22687990E-02      0.42923738E-01      0.72555152E-02
 169.0    0.26030560E-02      0.11098321E+00      0.83537654E-02
 170.0    0.28615487E-02      0.17841951E+00      0.92128264E-02
 171.0    0.30313906E-02      0.24354416E+00      0.97879858E-02
 172.0    0.31091536E-02      0.30397199E+00      0.10065148E-01
 173.0    0.31008100E-02      0.35620416E+00      0.10061131E-01
 174.0    0.30207378E-02      0.39521662E+00      0.98207690E-02
 175.0    0.28898747E-02      0.41420913E+00      0.94110844E-02
 176.0    0.27332089E-02      0.40491670E+00      0.89131068E-02
 177.0    0.25768638E-02      0.35916249E+00      0.84122259E-02
 178.0    0.24450927E-02      0.27225691E+00      0.79881384E-02
 179.0    0.23575064E-02      0.14766658E+00      0.77055135E-02
 180.0    0.23268403E-02      0.00000000E+00      0.76064396E-02
