   0.00000000       2.00000000    
   9.99999978E-03   1.98116660    
   1.99999996E-02   1.96233857    
   2.99999993E-02   1.94352126    
   3.99999991E-02   1.92471969    
   4.99999970E-02   1.90593934    
   5.99999987E-02   1.88718557    
   7.00000003E-02   1.86846352    
   7.99999982E-02   1.84977865    
   8.99999961E-02   1.83113611    
   9.99999940E-02   1.81254137    
  0.109999999       1.79399955    
  0.119999997       1.77551615    
  0.129999995       1.75709617    
  0.140000001       1.73874521    
  0.149999991       1.72046840    
  0.159999996       1.70227122    
  0.170000002       1.68415880    
  0.179999992       1.66613638    
  0.189999998       1.64820945    
  0.199999988       1.63038313    
  0.209999993       1.61266303    
  0.219999999       1.59505415    
  0.229999989       1.57756186    
  0.239999995       1.56019139    
  0.250000000       1.54294825    
  0.259999990       1.52583766    
  0.269999981       1.50886476    
  0.280000001       1.49203503    
  0.289999992       1.47535384    
  0.299999982       1.45882618    
  0.310000002       1.44245756    
  0.319999993       1.42625332    
  0.329999983       1.41021860    
  0.340000004       1.39435899    
  0.349999994       1.37867951    
  0.359999985       1.36318541    
  0.370000005       1.34788227    
  0.379999995       1.33277512    
  0.389999986       1.31786966    
  0.399999976       1.30317068    
  0.409999996       1.28868377    
  0.419999987       1.27441430    
  0.429999977       1.26036727    
  0.439999998       1.24654830    
  0.449999988       1.23296237    
  0.459999979       1.21961510    
  0.469999999       1.20651174    
  0.479999989       1.19365728    
  0.489999980       1.18105745    
  0.500000000       1.16871727    
  0.509999990       1.15664208    
  0.519999981       1.14483726    
  0.529999971       1.13330805    
  0.539999962       1.12205982    
  0.550000012       1.11109769    
  0.560000002       1.10042715    
  0.569999993       1.09005356    
  0.579999983       1.07998204    
  0.589999974       1.07021785    
  0.599999964       1.06076646    
  0.610000014       1.05163312    
  0.620000005       1.04282308    
  0.629999995       1.03434169    
  0.639999986       1.02619421    
  0.649999976       1.01838601    
  0.659999967       1.01092231    
  0.669999957       1.00380838    
  0.680000007      0.997049689    
  0.689999998      0.990651369    
  0.699999988      0.984618902    
  0.709999979      0.978957295    
  0.719999969      0.973672092    
  0.729999959      0.968768597    
  0.740000010      0.964251995    
  0.750000000      0.960127652    
  0.759999990      0.956400812    
  0.769999981      0.953076780    
  0.779999971      0.950160980    
  0.789999962      0.947658539    
  0.799999952      0.945574820    
  0.810000002      0.943915248    
  0.819999993      0.942684948    
  0.829999983      0.941889405    
  0.839999974      0.941533625    
  0.849999964      0.941623151    
  0.859999955      0.942163348    
  0.870000005      0.943159163    
  0.879999995      0.944616258    
  0.889999986      0.946539819    
  0.899999976      0.948935032    
  0.909999967      0.951807439    
  0.919999957      0.955162108    
  0.930000007      0.959004343    
  0.939999998      0.963339746    
  0.949999988      0.968173206    
  0.959999979      0.973510206    
  0.969999969      0.979356229    
  0.979999959      0.985716224    
  0.989999950      0.992595851    
   1.00000000       1.00000000    
   1.00999999       1.00793195    
   1.01999998       1.01638567    
   1.02999997       1.02535224    
   1.03999996       1.03482330    
   1.04999995       1.04479051    
   1.05999994       1.05524528    
   1.06999993       1.06617916    
   1.07999992       1.07758343    
   1.09000003       1.08944976    
   1.10000002       1.10176957    
   1.11000001       1.11453462    
   1.12000000       1.12773597    
   1.13000000       1.14136541    
   1.13999999       1.15541434    
   1.14999998       1.16987443    
   1.15999997       1.18473685    
   1.16999996       1.19999337    
   1.17999995       1.21563530    
   1.18999994       1.23165441    
   1.19999993       1.24804187    
   1.20999992       1.26478934    
   1.22000003       1.28188860    
   1.23000002       1.29933047    
   1.24000001       1.31710708    
   1.25000000       1.33520949    
   1.25999999       1.35362947    
   1.26999998       1.37235856    
   1.27999997       1.39138782    
   1.28999996       1.41070926    
   1.29999995       1.43031418    
   1.30999994       1.45019400    
   1.31999993       1.47034037    
   1.32999992       1.49074459    
   1.33999991       1.51139832    
   1.35000002       1.53229332    
   1.36000001       1.55342054    
   1.37000000       1.57477176    
   1.38000000       1.59633827    
   1.38999999       1.61811185    
   1.39999998       1.64008379    
   1.40999997       1.66224575    
   1.41999996       1.68458915    
   1.42999995       1.70710552    
   1.43999994       1.72978628    
   1.44999993       1.75262308    
   1.45999992       1.77560711    
   1.46999991       1.79873037    
   1.48000002       1.82198405    
   1.49000001       1.84535956    
   1.50000000       1.86884820    
   1.50999999       1.89244223    
   1.51999998       1.91613233    
   1.52999997       1.93991053    
   1.53999996       1.96376789    
   1.54999995       1.98769629    
   1.55999994       2.01168728    
   1.56999993       2.03573203    
   1.57999992       2.05982232    
   1.58999991       2.08394909    
   1.59999990       2.10810471    
   1.61000001       2.13228011    
   1.62000000       2.15646696    
   1.63000000       2.18065691    
   1.63999999       2.20484066    
   1.64999998       2.22901058    
   1.65999997       2.25315785    
   1.66999996       2.27727413    
   1.67999995       2.30135083    
   1.68999994       2.32537889    
   1.69999993       2.34935093    
   1.70999992       2.37325740    
   1.71999991       2.39709044    
   1.73000002       2.42084169    
   1.74000001       2.44450188    
   1.75000000       2.46806288    
   1.75999999       2.49151635    
   1.76999998       2.51485395    
   1.77999997       2.53806639    
   1.78999996       2.56114602    
   1.79999995       2.58408403    
   1.80999994       2.60687137    
   1.81999993       2.62950039    
   1.82999992       2.65196228    
   1.83999991       2.67424870    
   1.84999990       2.69635081    
   1.86000001       2.71826029    
   1.87000000       2.73996878    
   1.88000000       2.76146698    
   1.88999999       2.78274751    
   1.89999998       2.80380106    
   1.90999997       2.82461977    
   1.91999996       2.84519410    
   1.92999995       2.86551690    
   1.93999994       2.88557911    
   1.94999993       2.90537167    
   1.95999992       2.92488647    
   1.96999991       2.94411564    
   1.97999990       2.96304941    
   1.99000001       2.98168087    
   2.00000000       3.00000000    
   2.00999999       3.01800108    
   2.01999998       3.03568697    
   2.02999997       3.05306172    
   2.03999996       3.07013083    
   2.04999995       3.08689833    
   2.05999994       3.10336900    
   2.06999993       3.11954784    
   2.07999992       3.13543940    
   2.08999991       3.15104842    
   2.09999990       3.16637969    
   2.10999990       3.18143797    
   2.11999989       3.19622755    
   2.12999988       3.21075392    
   2.13999987       3.22502112    
   2.14999986       3.23903370    
   2.15999985       3.25279713    
   2.16999984       3.26631546    
   2.18000007       3.27959418    
   2.19000006       3.29263687    
   2.20000005       3.30544901    
   2.21000004       3.31803513    
   2.22000003       3.33039999    
   2.23000002       3.34254813    
   2.24000001       3.35448456    
   2.25000000       3.36621380    
   2.25999999       3.37774038    
   2.26999998       3.38906932    
   2.27999997       3.40020537    
   2.28999996       3.41115308    
   2.29999995       3.42191696    
   2.30999994       3.43250179    
   2.31999993       3.44291282    
   2.32999992       3.45315433    
   2.33999991       3.46323037    
   2.34999990       3.47314715    
   2.35999990       3.48290825    
   2.36999989       3.49251890    
   2.37999988       3.50198340    
   2.38999987       3.51130676    
   2.39999986       3.52049351    
   2.40999985       3.52954841    
   2.41999984       3.53847671    
   2.42999983       3.54728222    
   2.44000006       3.55596995    
   2.45000005       3.56454468    
   2.46000004       3.57301140    
   2.47000003       3.58137465    
   2.48000002       3.58963895    
   2.49000001       3.59780884    
   2.50000000       3.60588956    
   2.50999999       3.61388540    
   2.51999998       3.62180114    
   2.52999997       3.62964177    
   2.53999996       3.63741207    
   2.54999995       3.64511609    
   2.55999994       3.65275931    
   2.56999993       3.66034555    
   2.57999992       3.66788077    
   2.58999991       3.67536855    
   2.59999990       3.68281436    
   2.60999990       3.69022179    
   2.61999989       3.69759655    
   2.62999988       3.70494366    
   2.63999987       3.71226692    
   2.64999986       3.71957111    
   2.65999985       3.72686195    
   2.66999984       3.73414302    
   2.67999983       3.74141908    
   2.69000006       3.74869633    
   2.70000005       3.75597739    
   2.71000004       3.76326847    
   2.72000003       3.77057338    
   2.73000002       3.77789688    
   2.74000001       3.78524470    
   2.75000000       3.79262042    
   2.75999999       3.80002952    
   2.76999998       3.80747604    
   2.77999997       3.81496525    
   2.78999996       3.82250118    
   2.79999995       3.83008957    
   2.80999994       3.83773446    
   2.81999993       3.84544015    
   2.82999992       3.85321188    
   2.83999991       3.86105514    
   2.84999990       3.86897302    
   2.85999990       3.87697124    
   2.86999989       3.88505483    
   2.87999988       3.89322710    
   2.88999987       3.90149450    
   2.89999986       3.90986013    
   2.90999985       3.91833019    
   2.91999984       3.92690802    
   2.92999983       3.93559885    
   2.93999982       3.94440842    
   2.95000005       3.95333982    
   2.96000004       3.96239877    
   2.97000003       3.97158933    
   2.98000002       3.98091650    
   2.99000001       3.99038553    
   3.00000000       4.00000000    
   3.00999999       4.00976372    
   3.01999998       4.01967430    
   3.02999997       4.02972698    
   3.03999996       4.03991747    
   3.04999995       4.05024195    
   3.05999994       4.06069469    
   3.06999993       4.07127190    
   3.07999992       4.08197021    
   3.08999991       4.09278440    
   3.09999990       4.10371017    
   3.10999990       4.11474323    
   3.11999989       4.12587976    
   3.12999988       4.13711500    
   3.13999987       4.14844513    
   3.14999986       4.15986490    
   3.15999985       4.17137003    
   3.16999984       4.18295670    
   3.17999983       4.19462061    
   3.18999982       4.20635700    
   3.19999981       4.21816158    
   3.21000004       4.23003149    
   3.22000003       4.24196005    
   3.23000002       4.25394392    
   3.24000001       4.26597881    
   3.25000000       4.27806091    
   3.25999999       4.29018450    
   3.26999998       4.30234718    
   3.27999997       4.31454277    
   3.28999996       4.32676840    
   3.29999995       4.33901834    
   3.30999994       4.35128927    
   3.31999993       4.36357641    
   3.32999992       4.37587500    
   3.33999991       4.38818216    
   3.34999990       4.40049219    
   3.35999990       4.41280127    
   3.36999989       4.42510509    
   3.37999988       4.43739986    
   3.38999987       4.44967937    
   3.39999986       4.46194124    
   3.40999985       4.47418022    
   3.41999984       4.48639202    
   3.42999983       4.49857283    
   3.43999982       4.51071692    
   3.44999981       4.52282190    
   3.46000004       4.53488302    
   3.47000003       4.54689455    
   3.48000002       4.55885267    
   3.49000001       4.57075405    
   3.50000000       4.58259344    
   3.50999999       4.59436750    
   3.51999998       4.60607052    
   3.52999997       4.61769867    
   3.53999996       4.62924814    
   3.54999995       4.64071369    
   3.55999994       4.65209150    
   3.56999993       4.66337681    
   3.57999992       4.67456627    
   3.58999991       4.68565559    
   3.59999990       4.69663906    
   3.60999990       4.70751333    
   3.61999989       4.71827364    
   3.62999988       4.72891569    
   3.63999987       4.73943567    
   3.64999986       4.74982834    
   3.65999985       4.76008987    
   3.66999984       4.77021599    
   3.67999983       4.78020287    
   3.68999982       4.79004526    
   3.69999981       4.79973936    
   3.70999980       4.80928087    
   3.72000003       4.81866455    
   3.73000002       4.82788706    
   3.74000001       4.83694410    
   3.75000000       4.84582996    
   3.75999999       4.85454226    
   3.76999998       4.86307526    
   3.77999997       4.87142515    
   3.78999996       4.87958717    
   3.79999995       4.88755751    
   3.80999994       4.89533186    
   3.81999993       4.90290594    
   3.82999992       4.91027546    
   3.83999991       4.91743469    
   3.84999990       4.92438126    
   3.85999990       4.93110943    
   3.86999989       4.93761539    
   3.87999988       4.94389486    
   3.88999987       4.94994354    
   3.89999986       4.95575714    
   3.90999985       4.96133137    
   3.91999984       4.96666145    
   3.92999983       4.97174263    
   3.93999982       4.97657204    
   3.94999981       4.98114443    
   3.95999980       4.98545504    
   3.97000003       4.98950052    
   3.98000002       4.99327612    
   3.99000001       4.99677753    
   4.00000000       5.00000000    
   4.00999975       5.00294018    
   4.01999998       5.00559855    
   4.02999973       5.00797510    
   4.03999996       5.01007080    
   4.04999971       5.01188612    
   4.05999994       5.01342154    
   4.06999969       5.01467800    
   4.07999992       5.01565504    
   4.08999968       5.01635551    
   4.09999990       5.01677847    
   4.11000013       5.01692486    
   4.11999989       5.01679516    
   4.13000011       5.01639032    
   4.13999987       5.01571083    
   4.15000010       5.01475763    
   4.15999985       5.01353073    
   4.17000008       5.01203060    
   4.17999983       5.01025963    
   4.19000006       5.00821590    
   4.19999981       5.00590229    
   4.21000004       5.00331831    
   4.21999979       5.00046492    
   4.23000002       4.99734211    
   4.23999977       4.99395132    
   4.25000000       4.99029303    
   4.25999975       4.98636770    
   4.26999998       4.98217678    
   4.27999973       4.97771978    
   4.28999996       4.97299671    
   4.29999971       4.96801043    
   4.30999994       4.96275997    
   4.31999969       4.95724583    
   4.32999992       4.95146990    
   4.33999968       4.94543219    
   4.34999990       4.93913317    
   4.36000013       4.93257284    
   4.36999989       4.92575359    
   4.38000011       4.91867399    
   4.38999987       4.91133690    
   4.40000010       4.90374136    
   4.40999985       4.89588881    
   4.42000008       4.88777876    
   4.42999983       4.87941265    
   4.44000006       4.87079144    
   4.44999981       4.86191559    
   4.46000004       4.85278511    
   4.46999979       4.84340191    
   4.48000002       4.83376455    
   4.48999977       4.82387590    
   4.50000000       4.81373501    
   4.50999975       4.80334330    
   4.51999998       4.79270124    
   4.52999973       4.78180981    
   4.53999996       4.77066898    
   4.54999971       4.75927973    
   4.55999994       4.74764252    
   4.56999969       4.73575878    
   4.57999992       4.72362804    
   4.58999968       4.71125174    
   4.59999990       4.69862938    
   4.61000013       4.68576288    
   4.61999989       4.67265272    
   4.63000011       4.65929937    
   4.63999987       4.64570284    
   4.65000010       4.63186455    
   4.65999985       4.61778498    
   4.67000008       4.60346413    
   4.67999983       4.58890343    
   4.69000006       4.57410336    
   4.69999981       4.55906487    
   4.71000004       4.54378700    
   4.71999979       4.52827263    
   4.73000002       4.51252031    
   4.73999977       4.49653292    
   4.75000000       4.48030949    
   4.75999975       4.46385098    
   4.76999998       4.44715738    
   4.77999973       4.43023109    
   4.78999996       4.41307068    
   4.79999971       4.39567852    
   4.80999994       4.37805462    
   4.81999969       4.36019993    
   4.82999992       4.34211349    
   4.83999968       4.32379818    
   4.84999990       4.30525255    
   4.85999966       4.28647947    
   4.86999989       4.26747751    
   4.88000011       4.24824810    
   4.88999987       4.22879267    
   4.90000010       4.20911026    
   4.90999985       4.18920374    
   4.92000008       4.16907120    
   4.92999983       4.14871550    
   4.94000006       4.12813568    
   4.94999981       4.10733366    
   4.96000004       4.08630848    
   4.96999979       4.06506252    
   4.98000002       4.04359484    
   4.98999977       4.02190781    
   5.00000000       4.00000000    
   5.00999975       3.97787547    
   5.01999998       3.95553875    
   5.02999973       3.93299937    
   5.03999996       3.91026306    
   5.04999971       3.88734031    
   5.05999994       3.86423612    
   5.06999969       3.84096098    
   5.07999992       3.81751966    
   5.08999968       3.79392266    
   5.09999990       3.77017617    
   5.10999966       3.74628901    
   5.11999989       3.72226763    
   5.13000011       3.69812036    
   5.13999987       3.67385650    
   5.15000010       3.64948106    
   5.15999985       3.62500501    
   5.17000008       3.60043287    
   5.17999983       3.57577515    
   5.19000006       3.55103755    
   5.19999981       3.52622962    
   5.21000004       3.50135732    
   5.21999979       3.47643018    
   5.23000002       3.45145464    
   5.23999977       3.42643976    
   5.25000000       3.40139151    
   5.25999975       3.37631989    
   5.26999998       3.35123038    
   5.27999973       3.32613325    
   5.28999996       3.30103374    
   5.29999971       3.27594185    
   5.30999994       3.25086308    
   5.31999969       3.22580814    
   5.32999992       3.20078182    
   5.33999968       3.17579436    
   5.34999990       3.15085101    
   5.35999966       3.12596250    
   5.36999989       3.10113382    
   5.38000011       3.07637382    
   5.38999987       3.05169177    
   5.40000010       3.02709293    
   5.40999985       3.00258756    
   5.42000008       2.97818112    
   5.42999983       2.95388317    
   5.44000006       2.92970014    
   5.44999981       2.90564156    
   5.46000004       2.88171268    
   5.46999979       2.85792398    
   5.48000002       2.83428049    
   5.48999977       2.81079292    
   5.50000000       2.78746676    
   5.50999975       2.76431131    
   5.51999998       2.74133253    
   5.52999973       2.71854091    
   5.53999996       2.69594121    
   5.54999971       2.67354369    
   5.55999994       2.65135407    
   5.56999969       2.62938237    
   5.57999992       2.60763407    
   5.58999968       2.58611894    
   5.59999990       2.56484294    
   5.60999966       2.54381585    
   5.61999989       2.52304316    
   5.62999964       2.50253534    
   5.63999987       2.48229718    
   5.65000010       2.46233797    
   5.65999985       2.44266701    
   5.67000008       2.42328954    
   5.67999983       2.40421486    
   5.69000006       2.38544965    
   5.69999981       2.36700320    
   5.71000004       2.34888172    
   5.71999979       2.33109403    
   5.73000002       2.31364703    
   5.73999977       2.29654980    
   5.75000000       2.27980852    
   5.75999975       2.26343250    
   5.76999998       2.24742818    
   5.77999973       2.23180485    
   5.78999996       2.21656847    
   5.79999971       2.20172858    
   5.80999994       2.18729162    
   5.81999969       2.17326617    
   5.82999992       2.15965939    
   5.83999968       2.14648008    
   5.84999990       2.13373470    
   5.85999966       2.12143207    
   5.86999989       2.10957932    
   5.87999964       2.09818506    
   5.88999987       2.08725572    
   5.90000010       2.07679987    
   5.90999985       2.06682611    
   5.92000008       2.05734062    
   5.92999983       2.04835272    
   5.94000006       2.03986883    
   5.94999981       2.03189802    
   5.96000004       2.02444649    
   5.96999979       2.01752377    
   5.98000002       2.01113629    
   5.98999977       2.00529265    
   6.00000000       2.00000000    
   6.00999975       1.99526417    
   6.01999998       1.99107933    
   6.02999973       1.98743844    
   6.03999996       1.98433292    
   6.04999971       1.98175573    
   6.05999994       1.97969866    
   6.06999969       1.97815430    
   6.07999992       1.97711444    
   6.08999968       1.97657180    
   6.09999990       1.97651815    
   6.10999966       1.97694612    
   6.11999989       1.97784758    
   6.12999964       1.97921503    
   6.13999987       1.98104084    
   6.15000010       1.98331690    
   6.15999985       1.98603535    
   6.17000008       1.98918915    
   6.17999983       1.99276984    
   6.19000006       1.99676967    
   6.19999981       2.00118113    
   6.21000004       2.00599670    
   6.21999979       2.01120782    
   6.23000002       2.01680779    
   6.23999977       2.02278781    
   6.25000000       2.02914095    
   6.25999975       2.03585863    
   6.26999998       2.04293394    
   6.27999973       2.05035853    
   6.28999996       2.05812502    
   6.29999971       2.06622505    
   6.30999994       2.07465148    
   6.31999969       2.08339596    
   6.32999992       2.09245181    
   6.33999968       2.10180998    
   6.34999990       2.11146355    
   6.35999966       2.12140393    
   6.36999989       2.13162470    
   6.37999964       2.14211655    
   6.38999987       2.15287328    
   6.39999962       2.16388535    
   6.40999985       2.17514658    
   6.42000008       2.18664861    
   6.42999983       2.19838333    
   6.44000006       2.21034336    
   6.44999981       2.22252059    
   6.46000004       2.23490810    
   6.46999979       2.24749684    
   6.48000002       2.26028061    
   6.48999977       2.27324986    
   6.50000000       2.28639841    
   6.50999975       2.29971743    
   6.51999998       2.31320024    
   6.52999973       2.32683730    
   6.53999996       2.34062290    
   6.54999971       2.35454774    
   6.55999994       2.36860538    
   6.56999969       2.38278627    
   6.57999992       2.39708471    
   6.58999968       2.41149116    
   6.59999990       2.42599940    
   6.60999966       2.44059992    
   6.61999989       2.45528698    
   6.62999964       2.47005081    
   6.63999987       2.48488522    
   6.64999962       2.49978113    
   6.65999985       2.51473212    
   6.67000008       2.52972984    
   6.67999983       2.54476595    
   6.69000006       2.55983353    
   6.69999981       2.57492423    
   6.71000004       2.59003067    
   6.71999979       2.60514450    
   6.73000002       2.62025928    
   6.73999977       2.63536525    
   6.75000000       2.65045691    
   6.75999975       2.66552448    
   6.76999998       2.68056154    
   6.77999973       2.69555950    
   6.78999996       2.71051145    
   6.79999971       2.72540808    
   6.80999994       2.74024391    
   6.81999969       2.75500917    
   6.82999992       2.76969767    
   6.83999968       2.78429961    
   6.84999990       2.79880929    
   6.85999966       2.81321788    
   6.86999989       2.82751799    
   6.87999964       2.84170127    
   6.88999987       2.85576105    
   6.89999962       2.86968803    
   6.90999985       2.88347626    
   6.92000008       2.89711714    
   6.92999983       2.91060162    
   6.94000006       2.92392445    
   6.94999981       2.93707538    
   6.96000004       2.95004892    
   6.96999979       2.96283531    
   6.98000002       2.97542810    
   6.98999977       2.98781824    
   7.00000000       3.00000000    
   7.00999975       3.01196527    
   7.01999998       3.02371693    
   7.02999973       3.03525662    
   7.03999996       3.04658842    
   7.04999971       3.05771399    
   7.05999994       3.06863737    
   7.06999969       3.07936072    
   7.07999992       3.08988810    
   7.08999968       3.10022116    
   7.09999990       3.11036372    
   7.10999966       3.12031817    
   7.11999989       3.13008809    
   7.12999964       3.13967562    
   7.13999987       3.14908433    
   7.14999962       3.15831685    
   7.15999985       3.16737652    
   7.17000008       3.17626643    
   7.17999983       3.18498850    
   7.19000006       3.19354677    
   7.19999981       3.20194316    
   7.21000004       3.21018195    
   7.21999979       3.21826458    
   7.23000002       3.22619534    
   7.23999977       3.23397613    
   7.25000000       3.24161077    
   7.25999975       3.24910140    
   7.26999998       3.25645161    
   7.27999973       3.26366401    
   7.28999996       3.27074194    
   7.29999971       3.27768779    
   7.30999994       3.28450465    
   7.31999969       3.29119587    
   7.32999992       3.29776406    
   7.33999968       3.30421209    
   7.34999990       3.31054330    
   7.35999966       3.31676006    
   7.36999989       3.32286572    
   7.37999964       3.32886314    
   7.38999987       3.33475566    
   7.39999962       3.34054565    
   7.40999985       3.34623623    
   7.41999960       3.35183024    
   7.42999983       3.35733104    
   7.44000006       3.36274123    
   7.44999981       3.36806369    
   7.46000004       3.37330198    
   7.46999979       3.37845802    
   7.48000002       3.38353562    
   7.48999977       3.38853717    
   7.50000000       3.39346623    
   7.50999975       3.39832520    
   7.51999998       3.40311718    
   7.52999973       3.40784526    
   7.53999996       3.41251230    
   7.54999971       3.41712117    
   7.55999994       3.42167521    
   7.56999969       3.42617655    
   7.57999992       3.43062925    
   7.58999968       3.43503523    
   7.59999990       3.43939829    
   7.60999966       3.44372010    
   7.61999989       3.44800544    
   7.62999964       3.45225573    
   7.63999987       3.45647454    
   7.64999962       3.46066475    
   7.65999985       3.46482921    
   7.66999960       3.46897125    
   7.67999983       3.47309351    
   7.69000006       3.47719884    
   7.69999981       3.48128986    
   7.71000004       3.48537064    
   7.71999979       3.48944306    
   7.73000002       3.49351072    
   7.73999977       3.49757624    
   7.75000000       3.50164270    
   7.75999975       3.50571275    
   7.76999998       3.50978994    
   7.77999973       3.51387691    
   7.78999996       3.51797628    
   7.79999971       3.52209115    
   7.80999994       3.52622509    
   7.81999969       3.53037977    
   7.82999992       3.53455949    
   7.83999968       3.53876638    
   7.84999990       3.54300427    
   7.85999966       3.54727483    
   7.86999989       3.55158210    
   7.87999964       3.55592799    
   7.88999987       3.56031680    
   7.89999962       3.56475019    
   7.90999985       3.56923175    
   7.91999960       3.57376432    
   7.92999983       3.57835150    
   7.94000006       3.58299494    
   7.94999981       3.58769798    
   7.96000004       3.59246397    
   7.96999979       3.59729600    
   7.98000002       3.60219693    
   7.98999977       3.60716915    
   8.00000000       3.61221600    
   8.01000023       3.61734056    
   8.01999950       3.62254572    
   8.02999973       3.62783408    
   8.03999996       3.63320875    
   8.05000019       3.63867354    
   8.05999947       3.64422917    
   8.06999969       3.64988136    
   8.07999992       3.65563154    
   8.09000015       3.66148233    
   8.09999943       3.66743731    
   8.10999966       3.67349982    
   8.11999989       3.67967224    
   8.13000011       3.68595743    
   8.13999939       3.69235802    
   8.14999962       3.69887829    
   8.15999985       3.70552015    
   8.17000008       3.71228647    
   8.17999935       3.71918035    
   8.18999958       3.72620511    
   8.19999981       3.73336363    
   8.21000004       3.74065876    
   8.22000027       3.74809289    
   8.22999954       3.75566983    
   8.23999977       3.76339221    
   8.25000000       3.77126265    
   8.26000023       3.77928495    
   8.26999950       3.78746009    
   8.27999973       3.79579353    
   8.28999996       3.80428696    
   8.30000019       3.81294346    
   8.30999947       3.82176518    
   8.31999969       3.83075666    
   8.32999992       3.83992052    
   8.34000015       3.84925890    
   8.34999943       3.85877419    
   8.35999966       3.86847115    
   8.36999989       3.87835217    
   8.38000011       3.88841915    
   8.38999939       3.89867496    
   8.39999962       3.90912437    
   8.40999985       3.91976976    
   8.42000008       3.93061352    
   8.42999935       3.94165754    
   8.43999958       3.95290637    
   8.44999981       3.96436310    
   8.46000004       3.97602987    
   8.47000027       3.98790979    
   8.47999954       4.00000525    
   8.48999977       4.01232100    
   8.50000000       4.02485800    
   8.51000023       4.03762054    
   8.51999950       4.05060959    
   8.52999973       4.06383038    
   8.53999996       4.07728624    
   8.55000019       4.09097767    
   8.55999947       4.10490847    
   8.56999969       4.11908245    
   8.57999992       4.13350296    
   8.59000015       4.14817142    
   8.59999943       4.16309023    
   8.60999966       4.17826462    
   8.61999989       4.19369698    
   8.63000011       4.20938969    
   8.63999939       4.22534370    
   8.64999962       4.24156570    
   8.65999985       4.25805664    
   8.67000008       4.27482080    
   8.67999935       4.29185772    
   8.68999958       4.30917454    
   8.69999981       4.32677269    
   8.71000004       4.34465408    
   8.72000027       4.36282253    
   8.72999954       4.38127995    
   8.73999977       4.40003109    
   8.75000000       4.41907883    
   8.76000023       4.43842459    
   8.76999950       4.45806980    
   8.77999973       4.47802258    
   8.78999996       4.49828243    
   8.80000019       4.51885223    
   8.80999947       4.53973484    
   8.81999969       4.56093454    
   8.82999992       4.58245468    
   8.84000015       4.60429621    
   8.84999943       4.62646151    
   8.85999966       4.64895678    
   8.86999989       4.67178345    
   8.88000011       4.69494438    
   8.88999939       4.71843910    
   8.89999962       4.74227762    
   8.90999985       4.76645851    
   8.92000008       4.79098463    
   8.92999935       4.81585884    
   8.93999958       4.84108543    
   8.94999981       4.86666775    
   8.96000004       4.89260769    
   8.97000027       4.91890812    
   8.97999954       4.94556952    
   8.98999977       4.97259998    
   9.00000000       5.00000000    
   9.01000023       5.02777195    
   9.01999950       5.05590916    
   9.02999973       5.08441448    
   9.03999996       5.11328077    
   9.05000019       5.14250422    
   9.05999947       5.17207956    
   9.06999969       5.20200729    
   9.07999992       5.23228168    
   9.09000015       5.26289892    
   9.09999943       5.29385185    
   9.10999966       5.32514238    
   9.11999989       5.35676575    
   9.13000011       5.38871622    
   9.13999939       5.42098713    
   9.14999962       5.45358229    
   9.15999985       5.48649359    
   9.17000008       5.51971722    
   9.17999935       5.55324745    
   9.18999958       5.58708620    
   9.19999981       5.62122679    
   9.21000004       5.65566492    
   9.22000027       5.69039774    
   9.22999954       5.72541714    
   9.23999977       5.76072693    
   9.25000000       5.79631996    
   9.26000023       5.83219242    
   9.26999950       5.86833668    
   9.27999973       5.90475655    
   9.28999996       5.94144487    
   9.30000019       5.97839689    
   9.30999947       6.01560688    
   9.31999969       6.05307627    
   9.32999992       6.09080029    
   9.34000015       6.12877321    
   9.34999943       6.16698790    
   9.35999966       6.20544910    
   9.36999989       6.24414778    
   9.38000011       6.28308153    
   9.38999939       6.32224274    
   9.39999962       6.36163473    
   9.40999985       6.40125036    
   9.42000008       6.44108534    
   9.42999935       6.48113298    
   9.43999958       6.52139616    
   9.44999981       6.56186819    
   9.46000004       6.60254526    
   9.46999931       6.64341927    
   9.47999954       6.68449497    
   9.48999977       6.72576427    
   9.50000000       6.76722288    
   9.51000023       6.80886841    
   9.51999950       6.85069180    
   9.52999973       6.89269876    
   9.53999996       6.93488026    
   9.55000019       6.97723389    
   9.55999947       7.01975012    
   9.56999969       7.06243420    
   9.57999992       7.10527849    
   9.59000015       7.14827967    
   9.59999943       7.19142962    
   9.60999966       7.23473167    
   9.61999989       7.27818012    
   9.63000011       7.32176924    
   9.63999939       7.36549282    
   9.64999962       7.40935373    
   9.65999985       7.45334578    
   9.67000008       7.49746418    
   9.67999935       7.54170132    
   9.68999958       7.58606148    
   9.69999981       7.63053799    
   9.71000004       7.67512465    
   9.71999931       7.71981668    
   9.72999954       7.76461649    
   9.73999977       7.80951691    
   9.75000000       7.85451412    
   9.76000023       7.89960480    
   9.76999950       7.94478035    
   9.77999973       7.99004602    
   9.78999996       8.03539371    
   9.80000019       8.08081913    
   9.80999947       8.12631512    
   9.81999969       8.17188549    
   9.82999992       8.21752453    
   9.84000015       8.26322556    
   9.84999943       8.30898190    
   9.85999966       8.35479927    
   9.86999989       8.40066719    
   9.88000011       8.44658375    
   9.88999939       8.49254227    
   9.89999962       8.53854465    
   9.90999985       8.58458519    
   9.92000008       8.63065910    
   9.92999935       8.67675877    
   9.93999958       8.72288704    
   9.94999981       8.76904011    
   9.96000004       8.81521130    
   9.96999931       8.86139202    
   9.97999954       8.90758896    
   9.98999977       8.95379257    
   10.0000000       866.586548    
