0000000000000000000000000000000000000000000000000000000000000000000000000000000000000000000000000000000000000000000000000000000000000000000000000000000000000000000000000000000000000000000000000000000000000
0000000000000000000000000000000000000000000000000000000000000000000000000000000000000000000000000000000000000000000000000000000000000000000000000000000000000000000000000000000000000000000000000000000000000
0000000000000000000000000000000000000000000000000000000000000000000000000000000000000000000000000000000000000000000000000000000000000000000000000000000000000000000000000000000000000000000000000000000000000
0000000000000000000000000000000000000000000000000000000000000000000000000000000000000000000000000000000000000000000000000000000000000000000000000000000000000000000000000000000000000000000000000000000000000
0000000000000000000000000000000000000000000000000000000000000000000000000000000000000000000000000000000000000000000000000000000000000000000000000000000000000000000000000000000000000000000000000000000000000
0000000000000000000000000000000000000000000000000000000000000000000000000000000000000000000000000000000000000000000000000000000000000000000000000000000000000000000000000000000000000000000000000000000000000
0000000000000000000000000000000000000000000000000000000000000000000000000000000000000000000000000000000000000000000000000000000000000000000000000010000000000000000000000000000000000000000000000000000000000
0000000000000000000000000000000000000000000000000000000000000000000000000000011000000000000000000000000000000000000000000000000000000000000000000111000000000000000000000000011000000000000011000000000000000
0000000000000000000000011100000000000000000000000000000000000000000001100011001100000000000000011110000000000000000000000000011100000000000000000111000000000000000000000000111100000000000011000000000000000
0000000000000000000000011100000000000000000000000110000000000000000001110001100110000000000000111111111000000000000000000000011110000000111111111111111111111100000011111111111111111100000111000000000000000
0000000000000000000000111100000000000000000000001111000000000000000011110001100111000000000000011111111111110000000000000000011110000011111111111111111111111111000011111111111111111100000111000000000000000
0000000001100000000000111100000000000000000000001111000000000000000011110000110010000000000000001111111111111100000000000000001111000011111111111111111111111111000000000000000000000000111111111111000000000
0000000011110000000000111100000000000000000000011111000000000000000011110000110000000000000000000001111111111100000000000000000111100000000111100000000111000000000000000000000000000001111111111111000000000
0000000011110000000000111100000000000000000000011110000000000000000011110000000000000000000000000000000111111100000000000000000011100000000011100000000111000000000000011111111111110001111111111111100000000
0000000011111000000111111111100000000000000000011110000000000000000011110000000000000000000000000000000000000000000000000000000001100000000011100000001111000000000000111111111111111000000111000111100000000
0000000001111000111111111111111100000000000000011110000000000000000011110000000000000000000000000000000000000000000000000000000000000000111111111111111111111100000000111000000000111100000111000011100000000
0000000001111111111111111111111110000000000000011110000001111111111111111111110000000000000000000000000000000000000000000000000000000001111111111111111111111110000000111000000000111100000111000011100000000
0000000000111111111111111111111111100000000000011110000011111111111111111111111000000000000000000000011111111000000000000000000000000001111111111111111111111110000000111111111111111100000111000011100000000
0000000000111111111000111100111111110000000000011110000111111111111111111111111000000000011111111111111111111100000000000000000000000001100000000111000000001110000000111111111111111000110111000011100000000
0000000000111111000000111100000111110000000000011110000011111111111111111111110000000000011111111111111111111000000000000000000000000001100000000111000000001110000000000000000000000001111111000011100000000
0000000001111111000000111100000011111000000000011100000000000000000001110000000000000000011111111111111111110000000000000000000000000001100000000111000000001110000000000000000000000000111111000011100000000
0000000011111111000001111000000001111100000000111100000000000000000001110000000000000000011111111100001111100000000000000000000000000001100111111111111111001110000001111111111111110000011111000011100000000
0000000011111111100001111000000001111100000000111100000000000000000001110000000000000000000000000000011111000000000000000000000000000001100111111111111111001110000001111111111111111000001111100011100000000
0000000111100111110001111000000000111100000000111100000000000000000001110000000000000000000000000000111110000000000000000000111111100001100000000111000000001110000000000000000011110000000111110011100000000
0000000111100011111011110000000000111100000000111100000000000000000001110000000000000000000000000001111100000000000000000000111111110001100000000111000000001110000000000001100011100000001111111011100000000
0000001111000011111111110000000000011110000000111100000000000000000001110000000000000000000000000011111100000000000000000000011111110001100000000111000000001110000000000001110111100000001111111011100000000
0000001111000001111111110000000000011110000000111100000000000000000001110000000000000000000000000111111111100000000000000000000001110001100001111111111100001110000000000001111111111110011110111011100100000
0000001111000000111111100000000000011110000000111100000000000000000001110000000000000000000000001111111111110000000000000000000001110001100011111111111110001110000011111111111111111110011100000001111100000
0000001110000000011111100000000000011110000000111100000000011111111111111000000000000000000000011111111111110000000000000000000001110001100011111111111110001110000011111111111111110000111100000001111100000
0000011110000000011111100000000000111100000000111100110000111111111111111000000000000000000000111110000011110000000000000000000001110001100011100000001110001110000000000000001110000001111000000001111100000
0000011110000000111111110000000000111100000000011101110001111111111111111000000000000000000001111100000011110000000000000000000001110001100011100000001110001110000000000000001110000001110000000001111100000
0000001111000001111111111000000000111100000000011111110011111111111111111100000000000000000011111000000011110000000000000000000001110001100011100000001110001110000000001111111110000100100000000000111000000
0000001111000011111111111000000001111000000000011111100011110000000011111111000000000000000111110000000011110000000000000000000001110001100011111111111110001110000000001111111100001110000000000000111000000
0000001111111111111001110000000011111000000000011111100011110000000001111111100000000000001111100000000011110000000000000000000001110001100011111111111110001110000000000111110000001111000000000000000000000
0000000111111111110000000000000111110000000000011111100011110000000011111111110000000000011111000000000011110000000000000000000001110001100001111111111111111110000000000000000000001111000000000000000000000
0000000011111111100000000000001111110000000000011111000011110000000011111111111000000000111110000000000011110000000000000000000001110001100000000000000111111110000000111111111111111111111111111111110000000
0000000001111110000000000011111111100000000000011111000001111000000111110011111000000001111110000000000011110000000111100000000011110001100000000000000011111100000000111111111111111111111111111111110000000
0000000000000000000000111111111110000000000000011111000001111111111111110000111000000001111100000000000011111111111111100000000111111001100000000000000000110000000000000000000000001111000000000000000000000
0000000000000000000000111111111100000000000000001111000000111111111111100000000000000011111000000000000001111111111111100000001111111000000000000000000000000000000000000000000000001111000000000000000000000
0000000000000000000000111111110000000000000000001111000000011111111111000000000000000011110000000000000001111111111111000000011111111111111111111111111111111110000000000000000000001111000000000000000000000
0000000000000000000000011100000000000000000000000110000000000111111100000000000000000001100000000000000000011111111000000000111110011111111111111111111111111111000011111111111111111111111111111111111000000
0000000000000000000000000000000000000000000000000000000000000000000000000000000000000000000000000000000000000000000000000001111100000111111111111111111111111111000011111111111111111111111111111111111000000
0000000000000000000000000000000000000000000000000000000000000000000000000000000000000000000000000000000000000000000000000000110000000000000000000000000000000000000000000000000000000000000000000000000000000
0000000000000000000000000000000000000000000000000000000000000000000000000000000000000000000000000000000000000000000000000000000000000000000000000000000000000000000000000000000000000000000000000000000000000
0000000000000000000000000000000000000000000000000000000000000000000000000000000000000000000000000000000000000000000000000000000000000000000000000000000000000000000000000000000000000000000000000000000000000
0000000000000000000000000000000000000000000000000000000000000000000000000000000000000000000000000000000000000000000000000000000000000000000000000000000000000000000000000000000000000000000000000000000000000
0000000000000000000000000000000000000000000000000000000000000000000000000000000000000000000000000000000000000000000000000000000000000000000000000000000000000000000000000000000000000000000000000000000000000
0000000000000000000000000000000000000000000000000000000000000000000000000000000000000000000000000000000000000000000000000000000000000000000000000000000000000000000000000000000000000000000000000000000000000
0000000000000000000000000000000000000000000000000000000000000000000000000000000000000000000000000000000000000000000000000000000000000000000000000000000000000000000000000000000000000000000000000000000000000
0000000000000000000000000000000000000000000000000000000000000000000000000000000000000000000000000000000000000000000000000000000000000000000000000000000000000000000000000000000000000000000000000000000000000
0000000000000000000000000000000000000000000000000000000000000000000000000000000000000000000000000000000000000000000000000000000000000000000000000000000000000000000000000000000000000000000000000000000000000
